{"cells":[{"cell_type":"code","execution_count":null,"metadata":{"colab":{"base_uri":"https://localhost:8080/"},"executionInfo":{"elapsed":3502,"status":"ok","timestamp":1736335100049,"user":{"displayName":"David O REILLY","userId":"01931578202759402290"},"user_tz":0},"id":"vkOMRCFosnkf","outputId":"e2691e25-c76f-45c8-848e-0bd39e8389e3"},"outputs":[{"output_type":"stream","name":"stdout","text":["Mounted at /content/drive\n","/content/drive/My Drive\n"]}],"source":["from google.colab import drive\n","drive.mount('/content/drive',force_remount=True)\n","%cd '/content/drive/My Drive/'"]},{"cell_type":"code","execution_count":null,"metadata":{"colab":{"base_uri":"https://localhost:8080/"},"executionInfo":{"elapsed":6289,"status":"ok","timestamp":1736334624943,"user":{"displayName":"David O REILLY","userId":"01931578202759402290"},"user_tz":0},"id":"i_LE0QeBi-cm","outputId":"bbd83520-e5c2-4497-a636-60a690c282d3"},"outputs":[{"output_type":"stream","name":"stdout","text":["Collecting leidenalg\n","  Downloading leidenalg-0.10.2-cp38-abi3-manylinux_2_17_x86_64.manylinux2014_x86_64.whl.metadata (10 kB)\n","Collecting igraph\n","  Downloading igraph-0.11.8-cp39-abi3-manylinux_2_17_x86_64.manylinux2014_x86_64.whl.metadata (3.8 kB)\n","Collecting texttable>=1.6.2 (from igraph)\n","  Downloading texttable-1.7.0-py2.py3-none-any.whl.metadata (9.8 kB)\n","Downloading leidenalg-0.10.2-cp38-abi3-manylinux_2_17_x86_64.manylinux2014_x86_64.whl (2.0 MB)\n","\u001b[2K   \u001b[90m━━━━━━━━━━━━━━━━━━━━━━━━━━━━━━━━━━━━━━━━\u001b[0m \u001b[32m2.0/2.0 MB\u001b[0m \u001b[31m22.2 MB/s\u001b[0m eta \u001b[36m0:00:00\u001b[0m\n","\u001b[?25hDownloading igraph-0.11.8-cp39-abi3-manylinux_2_17_x86_64.manylinux2014_x86_64.whl (3.1 MB)\n","\u001b[2K   \u001b[90m━━━━━━━━━━━━━━━━━━━━━━━━━━━━━━━━━━━━━━━━\u001b[0m \u001b[32m3.1/3.1 MB\u001b[0m \u001b[31m49.4 MB/s\u001b[0m eta \u001b[36m0:00:00\u001b[0m\n","\u001b[?25hDownloading texttable-1.7.0-py2.py3-none-any.whl (10 kB)\n","Installing collected packages: texttable, igraph, leidenalg\n","Successfully installed igraph-0.11.8 leidenalg-0.10.2 texttable-1.7.0\n"]}],"source":["!pip install leidenalg igraph"]},{"cell_type":"code","execution_count":null,"metadata":{"id":"OLzFTJ380n8z"},"outputs":[],"source":["import pandas as pd\n","import scipy.io as sio\n","import numpy as np\n","import igraph as ig\n","import leidenalg\n","from itertools import combinations\n","mat=sio.loadmat('A.mat')['A'] #Import the multiplex network of sparse kernel matrices\n","mat"]},{"cell_type":"code","execution_count":null,"metadata":{"id":"2qXqpzdNjFFu"},"outputs":[],"source":["def Divisive_Clustering(X):\n","    \"\"\"\n","    Divisive Kernel Clustering using the Leiden algorithm.\n","\n","    Arguments:\n","    X : 3D numpy array of shape (N, N, L), where N is the number of nodes,\n","        and L is the number of layers (each representing a weighted adjacency matrix).\n","\n","    Returns:\n","    Opt_rank : The optimal number of clusters to extract\n","    M : Community assignment of nodes\n","    Q : Modularity value of the partition\n","    aggregated_vs : Co-membership matrix aggregated across layers\n","    \"\"\"\n","    # Validate input dimensions\n","    if len(X.shape) != 3 or X.shape[0] != X.shape[1]:\n","        raise ValueError(\"Input X must be a 3D numpy array with shape (N, N, L).\")\n","\n","    N, _, L = X.shape  # Number of nodes and layers\n","    Vs = []  # To store co-membership matrices from each layer\n","    combos_s = list(combinations(range(N), 2))  # Generate pairs of nodes\n","\n","    for i in range(L):\n","        v = []  # Co-membership vector for the current layer\n","        net = X[:, :, i]  # Extract the i-th layer as a NumPy array\n","\n","        # Create an igraph directed graph for each layer\n","        G = ig.Graph.Weighted_Adjacency(net.tolist(), mode=\"directed\", attr=\"weight\")\n","        partition = leidenalg.find_partition(G, leidenalg.ModularityVertexPartition, weights=\"weight\")\n","\n","        M = partition.membership\n","\n","        # Compute co-membership matrix for the current layer\n","        co_matrix = np.zeros((N, N))\n","        for ii in range(len(combos_s)):\n","            m1 = M[combos_s[ii][0]]\n","            m2 = M[combos_s[ii][1]]\n","            if m1 == m2:\n","                co_matrix[combos_s[ii][0], combos_s[ii][1]] = net[combos_s[ii][0], combos_s[ii][1]]+net[combos_s[ii][1], combos_s[ii][0]]\n","                co_matrix[combos_s[ii][1], combos_s[ii][0]] = net[combos_s[ii][0], combos_s[ii][1]]+net[combos_s[ii][1], combos_s[ii][0]]  # Ensure symmetry\n","\n","        Vs.append(co_matrix)\n","\n","    # Convert the list of co-membership matrices to a 3D array\n","    Vs = np.stack(Vs, axis=2)\n","\n","    # Aggregate the co-membership matrices by summing across layers\n","    aggregated_vs = np.sum(Vs, axis=2)\n","\n","    # Create a graph for the aggregated matrix (using undirected mode)\n","    # Aggregated co-membership matrix should be treated as undirected\n","    G = ig.Graph.Weighted_Adjacency(aggregated_vs.tolist(), mode=\"undirected\", attr=\"weight\")\n","    partition = leidenalg.find_partition(G, leidenalg.ModularityVertexPartition, weights=\"weight\")\n","\n","    Q = partition.q  # Modularity score\n","    M = partition.membership\n","\n","    # Return the optimal number of clusters and other results\n","    Opt_rank = max(M) + 1\n","    return Opt_rank, M, aggregated_vs\n","\n"]},{"cell_type":"code","execution_count":null,"metadata":{"colab":{"base_uri":"https://localhost:8080/"},"collapsed":true,"executionInfo":{"elapsed":271,"status":"ok","timestamp":1736335107533,"user":{"displayName":"David O REILLY","userId":"01931578202759402290"},"user_tz":0},"id":"vrU3V90Epr9X","outputId":"15ee6e06-3ea2-4652-cd9d-c64fa763f212"},"outputs":[{"output_type":"stream","name":"stdout","text":["Optimal number of clusters: 2\n","Community assignments: [0, 1, 0, 1, 1, 0, 0, 1, 1, 0, 0, 1, 1, 1, 1, 0, 0, 0, 1, 0]\n","Aggregated co-membership matrix (Vs):\n"," [[0.00000000e+00 7.10219191e-01 7.89388655e+00 6.95220453e+00\n","  2.16824745e-03 1.28604033e+01 3.50318767e+00 5.97815796e+00\n","  2.42126024e+00 1.18204402e+01 5.63345042e+00 1.04555722e+00\n","  2.79647442e+00 2.59699038e+00 2.13370096e+00 4.42029426e+00\n","  1.83659632e+00 3.78502118e+00 1.99699305e+00 4.89363295e+00]\n"," [7.10219191e-01 0.00000000e+00 2.09605019e+00 8.42162801e+00\n","  1.63609381e+01 0.00000000e+00 6.31767750e+00 1.45515508e+01\n","  4.25371801e+00 1.02743072e+00 8.85093166e+00 1.18217025e+01\n","  1.51312758e+01 1.26759060e+01 8.07503093e+00 7.56076527e+00\n","  5.70748369e+00 7.51798728e+00 1.11580956e+01 1.71149857e+00]\n"," [7.89388655e+00 2.09605019e+00 0.00000000e+00 4.58622852e+00\n","  2.83960220e+00 7.42457004e+00 5.06242763e+00 6.66925301e+00\n","  1.89634214e+00 1.14850117e+01 3.32306424e+00 3.58386543e+00\n","  4.49375842e+00 4.04142329e+00 1.63188684e+00 4.69767360e+00\n","  3.15685253e+00 9.41021048e+00 1.75793706e+00 9.38110760e+00]\n"," [6.95220453e+00 8.42162801e+00 4.58622852e+00 0.00000000e+00\n","  6.17749065e+00 6.49055394e+00 3.50473483e+00 1.02120226e+01\n","  4.84389240e+00 6.18408653e+00 2.12462884e+00 8.32108604e+00\n","  6.44633416e+00 7.03730157e+00 6.48112035e+00 2.91995851e+00\n","  4.85089461e+00 4.28616655e+00 6.42628065e+00 3.54285696e+00]\n"," [2.16824745e-03 1.63609381e+01 2.83960220e+00 6.17749065e+00\n","  0.00000000e+00 2.17048833e+00 8.63406289e+00 1.16351945e+01\n","  3.71987789e+00 2.96794709e-01 5.38735986e+00 7.40949932e+00\n","  1.17125193e+01 9.23225555e+00 8.95517322e+00 5.82577526e+00\n","  5.94852560e+00 9.29636965e+00 1.12551339e+01 9.02007637e-01]\n"," [1.28604033e+01 0.00000000e+00 7.42457004e+00 6.49055394e+00\n","  2.17048833e+00 0.00000000e+00 7.17021259e+00 5.19361332e+00\n","  6.08592033e+00 1.29998524e+01 2.42833625e+00 1.93589888e-01\n","  4.90177833e+00 5.11219081e+00 4.27139657e+00 5.27059191e+00\n","  6.55488064e+00 2.98212257e+00 1.33273443e+00 5.41092566e+00]\n"," [3.50318767e+00 6.31767750e+00 5.06242763e+00 3.50473483e+00\n","  8.63406289e+00 7.17021259e+00 0.00000000e+00 2.82394860e+00\n","  8.70917952e+00 4.01852910e+00 8.39535875e+00 7.40865614e+00\n","  4.73048993e+00 7.34794350e+00 4.31289653e+00 5.42678229e+00\n","  9.38099151e+00 9.97549386e+00 2.93801060e+00 5.48619898e+00]\n"," [5.97815796e+00 1.45515508e+01 6.66925301e+00 1.02120226e+01\n","  1.16351945e+01 5.19361332e+00 2.82394860e+00 0.00000000e+00\n","  3.59072698e+00 6.82072996e+00 2.00022354e+00 6.01828470e+00\n","  1.23609879e+01 7.93020181e+00 8.58086897e+00 6.71955336e+00\n","  2.85008561e+00 3.18029751e+00 8.37416857e+00 2.84323348e+00]\n"," [2.42126024e+00 4.25371801e+00 1.89634214e+00 4.84389240e+00\n","  3.71987789e+00 6.08592033e+00 8.70917952e+00 3.59072698e+00\n","  0.00000000e+00 2.73714369e+00 7.21790935e+00 7.53939510e+00\n","  7.68724846e+00 1.11139662e+01 1.15536381e+01 1.27041938e+00\n","  8.49825331e+00 2.27428400e+00 7.28863749e+00 4.30266867e+00]\n"," [1.18204402e+01 1.02743072e+00 1.14850117e+01 6.18408653e+00\n","  2.96794709e-01 1.29998524e+01 4.01852910e+00 6.82072996e+00\n","  2.73714369e+00 0.00000000e+00 1.65416337e+00 8.28947042e-01\n","  3.28663660e+00 3.31209498e+00 1.24426020e+00 4.50670815e+00\n","  3.58270856e+00 4.94356744e+00 1.36463046e+00 7.00582071e+00]\n"," [5.63345042e+00 8.85093166e+00 3.32306424e+00 2.12462884e+00\n","  5.38735986e+00 2.42833625e+00 8.39535875e+00 2.00022354e+00\n","  7.21790935e+00 1.65416337e+00 0.00000000e+00 8.80541584e+00\n","  4.36049550e+00 6.57838413e+00 2.42602281e+00 2.85837562e+00\n","  4.95935266e+00 9.12941768e+00 4.57562269e+00 3.49203905e+00]\n"," [1.04555722e+00 1.18217025e+01 3.58386543e+00 8.32108604e+00\n","  7.40949932e+00 1.93589888e-01 7.40865614e+00 6.01828470e+00\n","  7.53939510e+00 8.28947042e-01 8.80541584e+00 0.00000000e+00\n","  8.19803015e+00 7.88855486e+00 9.49674013e+00 6.05185579e+00\n","  7.81403346e+00 8.42164016e+00 5.00817538e+00 7.87611674e+00]\n"," [2.79647442e+00 1.51312758e+01 4.49375842e+00 6.44633416e+00\n","  1.17125193e+01 4.90177833e+00 4.73048993e+00 1.23609879e+01\n","  7.68724846e+00 3.28663660e+00 4.36049550e+00 8.19803015e+00\n","  0.00000000e+00 1.15369235e+01 1.48007209e+01 4.82435532e+00\n","  1.07313191e+01 3.30343356e+00 8.64621243e+00 6.18553662e+00]\n"," [2.59699038e+00 1.26759060e+01 4.04142329e+00 7.03730157e+00\n","  9.23225555e+00 5.11219081e+00 7.34794350e+00 7.93020181e+00\n","  1.11139662e+01 3.31209498e+00 6.57838413e+00 7.88855486e+00\n","  1.15369235e+01 0.00000000e+00 6.88414641e+00 1.77953030e+00\n","  7.58916180e+00 5.52014723e+00 6.23968728e+00 2.12426190e+00]\n"," [2.13370096e+00 8.07503093e+00 1.63188684e+00 6.48112035e+00\n","  8.95517322e+00 4.27139657e+00 4.31289653e+00 8.58086897e+00\n","  1.15536381e+01 1.24426020e+00 2.42602281e+00 9.49674013e+00\n","  1.48007209e+01 6.88414641e+00 0.00000000e+00 4.84024070e+00\n","  9.77039349e+00 2.14664123e+00 1.04744287e+01 8.02061962e+00]\n"," [4.42029426e+00 7.56076527e+00 4.69767360e+00 2.91995851e+00\n","  5.82577526e+00 5.27059191e+00 5.42678229e+00 6.71955336e+00\n","  1.27041938e+00 4.50670815e+00 2.85837562e+00 6.05185579e+00\n","  4.82435532e+00 1.77953030e+00 4.84024070e+00 0.00000000e+00\n","  3.80553962e+00 3.28878949e+00 4.11038819e+00 5.21540481e+00]\n"," [1.83659632e+00 5.70748369e+00 3.15685253e+00 4.85089461e+00\n","  5.94852560e+00 6.55488064e+00 9.38099151e+00 2.85008561e+00\n","  8.49825331e+00 3.58270856e+00 4.95935266e+00 7.81403346e+00\n","  1.07313191e+01 7.58916180e+00 9.77039349e+00 3.80553962e+00\n","  0.00000000e+00 7.52778256e+00 9.99554335e-01 6.60849614e+00]\n"," [3.78502118e+00 7.51798728e+00 9.41021048e+00 4.28616655e+00\n","  9.29636965e+00 2.98212257e+00 9.97549386e+00 3.18029751e+00\n","  2.27428400e+00 4.94356744e+00 9.12941768e+00 8.42164016e+00\n","  3.30343356e+00 5.52014723e+00 2.14664123e+00 3.28878949e+00\n","  7.52778256e+00 0.00000000e+00 3.47919667e+00 7.80991631e+00]\n"," [1.99699305e+00 1.11580956e+01 1.75793706e+00 6.42628065e+00\n","  1.12551339e+01 1.33273443e+00 2.93801060e+00 8.37416857e+00\n","  7.28863749e+00 1.36463046e+00 4.57562269e+00 5.00817538e+00\n","  8.64621243e+00 6.23968728e+00 1.04744287e+01 4.11038819e+00\n","  9.99554335e-01 3.47919667e+00 0.00000000e+00 4.13121507e+00]\n"," [4.89363295e+00 1.71149857e+00 9.38110760e+00 3.54285696e+00\n","  9.02007637e-01 5.41092566e+00 5.48619898e+00 2.84323348e+00\n","  4.30266867e+00 7.00582071e+00 3.49203905e+00 7.87611674e+00\n","  6.18553662e+00 2.12426190e+00 8.02061962e+00 5.21540481e+00\n","  6.60849614e+00 7.80991631e+00 4.13121507e+00 0.00000000e+00]]\n"]}],"source":["Opt_rank, M, aggregated_vs= Divisive_Clustering(mat)\n","print(\"Optimal number of clusters:\", Opt_rank)\n","print(\"Community assignments:\", M)\n","print(\"Aggregated co-membership matrix (Vs):\\n\", aggregated_vs)\n"]},{"cell_type":"code","execution_count":null,"metadata":{"id":"cvSAN27P49nk"},"outputs":[],"source":["# Example usage\n","# Assuming `mat` is your 3D numpy array (shape: N x N x L)\n","result_tree = recursive_Divisive_Clustering(mat, max_depth=4,current_depth=0)\n","result_tree"]},{"cell_type":"code","execution_count":null,"metadata":{"id":"LIY2i2yLxmEf"},"outputs":[],"source":[]}],"metadata":{"colab":{"provenance":[],"authorship_tag":"ABX9TyOj+OmL9pdSSiyRx86mth1Q"},"kernelspec":{"display_name":"Python 3","name":"python3"},"language_info":{"name":"python"}},"nbformat":4,"nbformat_minor":0}